996782
995174
994273
993675
992774
992673
991267
996782
995174
994273
993675
992774
992673
991267
990366
989987
987983
987074
984472
983773
979984
978578
973770
972566
971160
970764
969476
966975
965771
965367
962058
959574
958976
957974
955465
953764
952863
951457
947668
943862
942658
937160
933253
932554
930449
929464
927359
926862
923755
922854
919966
917558
917255
912447
911849
910443
910241
908860
907656
905147
904044
902242
901442
901139
901038
899885
898176
896879
896778
894774
894673
894067
891667
889579
888678
887373
886674
885975
884064
882161
880157
878877
878776
877269
877168
873968
872764
872562
872158
871964
871762
870861
869472
867468
865363
861456
859671
857263
856968
856766
856463
852455
849971
849264
845458
844961
843151
841349
837964
837560
835657
833249
833148
832651
828862
827052
826454
826353
825654
825553
825048
822244
820745
818859
818455
816653
815247
814649
814548
812746
810843
810439
809252
804646
803240
802844
800941
793465
792867
792766
792564
789373
788876
788674
786569
784565
783462
782561
782157
779370
774663
773257
771354
770352
769064
767464
766563
765864
765056
763557
761957
760551
759869
757764
756055
753251
753150
751550
751348
749361
749058
748662
748258
745555
744553
742549
737960
735148
734247
734045
733548
732243
731140
729557
729254
728454
727654
727553
725751
724446
723141
720337
715950
715647
715041
713239
709551
707749
706040
705341
704238
702133
701535
700634
698168
695768
694362
693764
693461
692964
690152
689470
688569
687163
686969
685058
683256
680957
680452
680250
679770
679568
677968
677766
675661
673455
672756
671855
668361
667056
665254
664757
663755
662551
660951
657659
656657
656253
654754
654552
654350
650746
647858
645551
645450
644246
644044
638049
635245
634748
633847
628248
627852
627549
626648
623844
623137
622236
620434
618952
617748
616645
615744
615441
614439
613538
613235
611938
611231
609143
604537
601127
599671
599469
599065
598568
597869
594156
592455
590047
589567
588565
587664
586460
585862
585256
584355
583858
581450
581349
580751
580650
580347
580044
579867
579665
578158
578057
576255
573451
573249
572045
571548
571144
570243
569965
568963
567961
567759
567052
566454
565452
562446
562345
561949
561444
561242
559457
559053
558960
558657
557857
555954
555651
555348
553344
552544
552241
550439
549757
548250
547046
545345
541943
541640
540436
536647
531940
531536
530635
529953
529549
525541
524135
523032
522434
521331
520228
519950
519647
518746
517239
516742
513736
513130
512835
510326
510225
506234
500222
499566
497865
495255
492754
486759
485757
481951
481042
480141
479762
475855
473952
469961
468050
467351
465852
463040
462139
461743
459453
456346
454140
453542
453441
449753
448347
445543
441939
436845
436239
433839
432332
429040
424939
422632
421226
419239
415837
414229
413934
412528
406836
406432
401422
397861
397760
397154
395958
395756
395251
394956
393550
393247
392750
392447
391748
390645
389357
387959
386250
385450
385046
382242
381543
381038
380036
379657
378857
378756
377451
376247
371843
368753
368551
366446
366042
365343
362034
361941
361234
360030
358144
356948
355845
355542
355239
353740
352738
352132
351938
350330
349244
348545
346945
346137
342129
341834
339847
336841
334635
333330
330324
329844
329440
325129
322224
321323
320826
318637
317332
316835
316633
314225
311320
310621
309636
308331
308129
307127
305830
304727
304020
303624
303119
300719
300618
299760
299154
298455
298051
297655
295146
293748
290136
289555
287248
286650
286347
285446
285345
284646
283543
281135
280941
280739
275645
274542
270332
268850
268749
263436
257946
257845
257542
256540
255740
255639
251833
250932
250427
249947
248339
248238
246133
245333
239944
239136
238033
237334
236130
233326
231928
228434
227533
227432
224022
223929
221319
221218
220721
219231
217429
217126
214726
214625
214524
214423
214221
214019
213522
213421
213017
212823
212419
212318
212217
212116
212015
211922
211821
211720
211619
211417
211316
211215
211114
210617
210415
210112
210011
209935
209834
209531
209329
209228
209127
208630
208428
208327
208226
208125
208024
207628
207426
207123
206929
206828
206727
206525
206323
206222
205826
205725
205220
205119
204622
204521
204420
204319
204218
204016
203923
203721
203418
202820
202719
202113
201818
201717
201515
201414
201111
200917
200614
200513
200311
200210
200109
200008
199958
199655
199453
199352
199251
199150
198855
198653
198451
198350
198249
198047
197651
197550
197449
197348
196952
196851
196750
196346
196144
195950
195849
195647
195445
195041
194847
194746
194645
194443
194140
193845
193441
193239
192843
192641
192540
192439
192237
192136
192035
191942
191841
191437
191336
191235
191033
190132
190031
189652
189450
189349
188751
188549
188448
188347
188145
187850
187547
187345
187143
186949
186848
186545
186444
186141
186040
185947
185846
185442
185341
185139
185038
183741
183337
183034
182840
182739
182436
182032
181636
181232
181131
180937
180836
180735
180533
180432
180230
180129
179952
179548
179346
179245
178950
178849
178748
178647
178243
178142
177746
177645
177342
177241
177140
176845
176744
176542
176441
176239
176037
175742
175540
175439
175338
175237
175136
175035
174841
174437
173940
173839
173738
173637
173536
173435
173334
173233
173132
172938
172635
172534
172433
172332
172130
172029
171734
171633
171532
171431
171330
171128
170934
170631
169949
169747
169545
169444
169343
169141
169040
168947
168745
168341
168240
168139
168038
167743
167440
167238
167036
166640
166438
165941
165840
165638
165436
165234
165032
164939
164636
164131
164030
163836
163432
163331
163129
162935
162733
162329
162228
162026
161832
161731
161630
161327
160931
160830
160729
160123
159946
159845
159744
159441
159340
159239
159138
158843
158540
158338
158136
158035
157942
157437
157336
156637
156536
156435
156334
156233
156031
155938
155635
155231
154936
154835
154734
154532
154431
154330
154229
153934
153833
153732
153631
153429
153227
153126
153025
152831
152427
152225
151930
151829
151728
151627
151526
151425
151324
151223
151021
150928
150726
150625
150524
150423
150019
149842
149741
149539
149337
149236
148941
148840
148436
148335
148133
148032
147737
147636
147030
146937
146836
146735
146634
146533
146432
146331
146129
145834
145632
145531
145127
144933
144832
144731
144428
144226
144125
143830
143527
143426
143325
143224
142828
142424
141826
141422
141119
140925
140824
140420
140319
140117
139839
139637
139435
139233
138837
138534
138332
138231
138130
137936
137633
137532
137431
137229
137128
137027
136833
136732
136631
136227
136126
135932
135730
135629
135528
135225
135124
134829
134728
134627
134425
134324
134223
134021
133928
133827
133625
133019
132118
132017
131924
131823
131722
131621
131419
131217
130922
130821
130720
130619
130518
130417
130316
130114
130013
129937
129634
129533
129432
129331
129129
129028
128935
128632
128329
128127
128026
127933
127832
127731
127630
127327
127226
126931
126628
126426
126325
125525
125424
125222
124826
124624
124422
124220
123925
123824
123723
123521
123420
123117
122822
122620
122418
122317
121921
121820
121719
121618
121416
121315
120717
120515
120414
120212
120111
120010
119833
119732
119126
119025
118932
118831
118730
118528
118225
118124
118023
117930
117728
117324
117122
117021
116726
116524
116423
116221
116120
115825
115724
115320
115219
115017
114924
114823
114621
114419
114318
114217
114116
113922
113821
113619
113417
113316
113215
112920
112819
112516
112314
112112
111716
111514
111413
111312
111211
111009
110613
110411
110007
109830
109325
109123
108828
108525
108323
108222
108121
108020
107725
107422
107321
107220
107018
106824
106521
106319
106016
105923
105620
105216
105115
105014
104820
104416
104012
103818
103515
103414
103212
103111
103010
102816
102715
102614
102513
102311
102109
102008
101915
101410
101309
101107
101006
100610
100408
100307
100206
